%YAML:1.0
circulo_n: 30
circulo_area_media: 1.8896997070312500e+003
circulo_area_sse: 107974320.
circulo_area_varianza: 1.1903217256303833e-007
circulo_perimetro_media: 1.6291311645507812e+002
circulo_perimetro_sse: 8.6712018750000000e+005
circulo_perimetro_varianza: 8.8468937731178698e-010
circulo_m1_media: 6.0803009546361864e-005
circulo_m1_sse: 2.6007540524005890e-002
circulo_m1_varianza: 1.2323354082889598e-022
circulo_m2_media: 1.9706476450664923e-006
circulo_m2_sse: 8.8226801017299294e-004
circulo_m2_varianza: 1.2944840141317810e-025
rectangulo_n: 30
rectangulo_area_media: 2.5943999023437500e+003
rectangulo_area_sse: 203059488.
rectangulo_area_varianza: 2.2436368851685984e-007
rectangulo_perimetro_media: 2.0802438354492188e+002
rectangulo_perimetro_sse: 1.3893782500000000e+006
rectangulo_perimetro_varianza: 1.4424714755989498e-009
rectangulo_m1_media: 2.5854983832687140e-003
rectangulo_m1_sse: 1.1271160840988159e+000
rectangulo_m1_varianza: 2.2282674059014715e-019
rectangulo_m2_media: 1.3806393326376565e-006
rectangulo_m2_sse: 6.2057340983301401e-004
rectangulo_m2_varianza: 6.3538832425905506e-026
rueda_n: 30
rueda_area_media: 5.6717001953125000e+003
rueda_area_sse: 967631616.
rueda_area_varianza: 1.0722727665779530e-006
rueda_perimetro_media: 3.1075717163085937e+002
rueda_perimetro_sse: 3033241.
rueda_perimetro_varianza: 3.2190003995680172e-009
rueda_m1_media: 1.6095058526843786e-005
rueda_m1_sse: 7.0304945111274719e-003
rueda_m1_varianza: 8.6350292407302394e-024
rueda_m2_media: 8.0982999861589633e-008
rueda_m2_sse: 3.5053482861258090e-005
rueda_m2_varianza: 2.1860821538626332e-028
triangulo_n: 30
triangulo_area_media: 2114.
triangulo_area_sse: 135063552.
triangulo_area_varianza: 1.4896653510731994e-007
triangulo_perimetro_media: 2.0988023376464844e+002
triangulo_perimetro_sse: 1.4127952500000000e+006
triangulo_perimetro_varianza: 1.4683237958834638e-009
triangulo_m1_media: 2.6543671992840245e-005
triangulo_m1_sse: 1.1404504068195820e-002
triangulo_m1_varianza: 2.3485551929403817e-023
triangulo_m2_media: 4.0464391931891441e-003
triangulo_m2_sse: 1.7601640224456787e+000
triangulo_m2_varianza: 5.4578901930503161e-019
vagon_n: 30
vagon_area_media: 8.0131000976562500e+003
vagon_area_sse: 1929820928.
vagon_area_varianza: 2.1403257051133551e-006
vagon_perimetro_media: 4.7532171630859375e+002
vagon_perimetro_sse: 6986843.
vagon_perimetro_varianza: 7.5310246927529079e-009
vagon_m1_media: 7.9729547724127769e-003
vagon_m1_sse: 3.4715218544006348e+000
vagon_m1_varianza: 2.1189337744615094e-018
vagon_m2_media: 2.2861856905365130e-006
vagon_m2_sse: 1.0049793636426330e-003
vagon_m2_varianza: 1.7422149631391926e-025
